14
id: 0 req:14 src:V6 des:R5 route:R5 p(ratio):0.0 tComp:1.0 tTrans:0.0 tSer: 1.0 hop:0 npath:0 cWL:303.030303030303 res:303.030303030303
id: 1 req:14 src:V6 des:R2 route:R5 p(ratio):0.0 tComp:0.0 tTrans:0.0 tSer: 0.0 hop:1 npath:1 cWL:0.0 res:303.030303030303
id: 2 req:14 src:V6 des:R4 route:R5 p(ratio):0.0 tComp:0.0 tTrans:0.0 tSer: 0.0 hop:1 npath:1 cWL:0.0 res:303.030303030303
id: 3 req:14 src:V6 des:R8 route:R5 p(ratio):1.0 tComp:1.2500000000000004 tTrans:0.15151515151515155 tSer: 1.401515151515152 hop:1 npath:1 cWL:0.0 res:303.030303030303
