16
id: 0 req:16 src:V6 des:R5 route:R5 p(ratio):1.0 tComp:1.247065837576945 tTrans:0.0 tSer: 1.247065837576945 hop:0 npath:0 cWL:0.0 res:303.030303030303
id: 1 req:16 src:V6 des:R2 route:R5 p(ratio):0.0 tComp:0.0 tTrans:0.0 tSer: 0.0 hop:1 npath:1 cWL:0.0 res:303.030303030303
id: 2 req:16 src:V6 des:R4 route:R5 p(ratio):0.0 tComp:0.0 tTrans:0.0 tSer: 0.0 hop:1 npath:1 cWL:0.0 res:303.030303030303
id: 3 req:16 src:V6 des:R8 route:R5 p(ratio):0.0 tComp:0.787878787878789 tTrans:0.0 tSer: 0.787878787878789 hop:1 npath:1 cWL:238.75114784205724 res:303.030303030303
