id: 0 req:16 src:V6 des:R5 route:R5 p(ratio):1.0 tComp:0.5792937901930167 tTrans:1.6328070758508422 tSer: 2.212100866043859 hop:0 npath:0 cWL:0.0 res:303.030303030303
id: 1 req:16 src:V6 des:R2 route:R5 p(ratio):0.0 tComp:0.3536440749875993 tTrans:2.0624884515353794 tSer: 2.4161325265229787 hop:1 npath:1 cWL:0.0 res:303.030303030303
id: 2 req:16 src:V6 des:R4 route:R5 p(ratio):0.0 tComp:0.311162134819386 tTrans:2.0108724347991562 tSer: 2.322034569618542 hop:1 npath:1 cWL:0.0 res:303.030303030303
id: 3 req:16 src:V6 des:R8 route:R5 p(ratio):0.0 tComp:0.787878787878789 tTrans:1.6328070758508422 tSer: 2.420685863729631 hop:1 npath:1 cWL:238.75114784205724 res:303.030303030303
