id: 0 req:11 src:V6 des:R2 route:R2 p(ratio):1.0 tComp:0.6033350813693397 tTrans:1.5151515151515154 tSer: 2.118486596520855 hop:0 npath:0 cWL:0.0 res:303.030303030303
id: 1 req:11 src:V6 des:R1 route:R2 p(ratio):0.0 tComp:0.27253245931533004 tTrans:1.8459541372055241 tSer: 2.1184865965208544 hop:1 npath:1 cWL:0.0 res:303.030303030303
id: 2 req:11 src:V6 des:R5 route:R2 p(ratio):0.0 tComp:0.27253245931533043 tTrans:1.8459541372055246 tSer: 2.118486596520855 hop:1 npath:1 cWL:0.0 res:303.030303030303
