id: 0 req:12 src:V6 des:R2 route:R2 p(ratio):1.0 tComp:0.6083331944152649 tTrans:1.5253661891154566 tSer: 2.1336993835307214 hop:0 npath:0 cWL:0.0 res:303.030303030303
id: 1 req:12 src:V6 des:R1 route:R2 p(ratio):0.0 tComp:0.2749834027923667 tTrans:1.8587159807383549 tSer: 2.1336993835307214 hop:1 npath:1 cWL:0.0 res:303.030303030303
id: 2 req:12 src:V6 des:R5 route:R2 p(ratio):0.0 tComp:0.27498340279236666 tTrans:1.8587159807383549 tSer: 2.1336993835307214 hop:1 npath:1 cWL:0.0 res:303.030303030303
