id: 0 req:9 src:V6 des:R2 route:R2 p(ratio):1.0 tComp:0.6241901138869118 tTrans:1.5636656608257036 tSer: 2.1878557747126153 hop:0 npath:0 cWL:0.0 res:303.030303030303
id: 1 req:9 src:V6 des:R1 route:R2 p(ratio):0.0 tComp:0.28190494305654384 tTrans:1.9059508316560714 tSer: 2.1878557747126153 hop:1 npath:1 cWL:0.0 res:303.030303030303
id: 2 req:9 src:V6 des:R5 route:R2 p(ratio):0.0 tComp:0.28190494305654384 tTrans:1.9059508316560714 tSer: 2.1878557747126153 hop:1 npath:1 cWL:0.0 res:303.030303030303
