id: 0 req:10 src:V6 des:R2 route:R2 p(ratio):1.0 tComp:0.6520336395841749 tTrans:1.6286783075636782 tSer: 2.280711947147853 hop:0 npath:0 cWL:0.0 res:303.030303030303
id: 1 req:10 src:V6 des:R1 route:R2 p(ratio):0.0 tComp:0.29438318020791304 tTrans:1.98632876693994 tSer: 2.280711947147853 hop:1 npath:1 cWL:0.0 res:303.030303030303
id: 2 req:10 src:V6 des:R5 route:R2 p(ratio):0.0 tComp:0.2943831802079131 tTrans:1.98632876693994 tSer: 2.280711947147853 hop:1 npath:1 cWL:0.0 res:303.030303030303
