id: 0 req:14 src:V6 des:R5 route:R5 p(ratio):0.0 tComp:1.0000000000000002 tTrans:1.6363636363636367 tSer: 2.6363636363636367 hop:0 npath:0 cWL:303.030303030303 res:303.030303030303
id: 1 req:14 src:V6 des:R2 route:R5 p(ratio):0.0 tComp:0.44160778918627375 tTrans:2.1727615126569617 tSer: 2.6143693018432357 hop:1 npath:1 cWL:0.0 res:303.030303030303
id: 2 req:14 src:V6 des:R4 route:R5 p(ratio):0.0 tComp:0.3578380473298487 tTrans:2.0710107901159853 tSer: 2.428848837445834 hop:1 npath:1 cWL:0.0 res:303.030303030303
id: 3 req:14 src:V6 des:R8 route:R5 p(ratio):1.0 tComp:0.4479541634838773 tTrans:2.1804701214694777 tSer: 2.628424284953355 hop:1 npath:1 cWL:0.0 res:303.030303030303
