id: 0 req:17 src:V6 des:R5 route:R5 p(ratio):0.0 tComp:1.0 tTrans:1.6170399872393975 tSer: 2.6170399872393975 hop:0 npath:0 cWL:303.030303030303 res:303.030303030303
id: 1 req:17 src:V6 des:R2 route:R5 p(ratio):1.0 tComp:0.43383112586998485 tTrans:2.1442450300749734 tSer: 2.578076155944958 hop:1 npath:1 cWL:0.0 res:303.030303030303
id: 2 req:17 src:V6 des:R4 route:R5 p(ratio):0.0 tComp:0.4316977899947643 tTrans:2.1416525341372443 tSer: 2.573350324132009 hop:1 npath:1 cWL:0.0 res:303.030303030303
id: 3 req:17 src:V6 des:R8 route:R5 p(ratio):0.0 tComp:0.36537108413525154 tTrans:2.061050263533252 tSer: 2.4264213476685033 hop:1 npath:1 cWL:0.0 res:303.030303030303
