id: 0 req:15 src:V6 des:R5 route:R5 p(ratio):0.0 tComp:1.030359035446588 tTrans:1.5982518085915265 tSer: 2.628610844038114 hop:0 npath:0 cWL:229.5684113865932 res:303.030303030303
id: 1 req:15 src:V6 des:R2 route:R5 p(ratio):1.0 tComp:0.4655990347933964 tTrans:2.1630118092447175 tSer: 2.6286108440381137 hop:1 npath:1 cWL:0.0 res:303.030303030303
id: 2 req:15 src:V6 des:R4 route:R5 p(ratio):0.0 tComp:0.4655990347933962 tTrans:2.1630118092447175 tSer: 2.6286108440381137 hop:1 npath:1 cWL:0.0 res:303.030303030303
id: 3 req:15 src:V6 des:R8 route:R5 p(ratio):0.0 tComp:1.013718652542376 tTrans:1.6148921914957375 tSer: 2.6286108440381133 hop:1 npath:1 cWL:303.030303030303 res:303.030303030303
