id: 0 req:13 src:V6 des:R5 route:R5 p(ratio):1.0 tComp:0.5728779454635676 tTrans:1.7575757575757578 tSer: 2.3304537030393253 hop:0 npath:0 cWL:0.0 res:303.030303030303
id: 1 req:13 src:V6 des:R2 route:R5 p(ratio):0.0 tComp:0.25894068484547766 tTrans:2.0715130181938477 tSer: 2.3304537030393253 hop:1 npath:1 cWL:0.0 res:303.030303030303
id: 2 req:13 src:V6 des:R4 route:R5 p(ratio):0.0 tComp:0.2589406848454777 tTrans:2.0715130181938477 tSer: 2.3304537030393253 hop:1 npath:1 cWL:0.0 res:303.030303030303
id: 3 req:13 src:V6 des:R8 route:R5 p(ratio):0.0 tComp:0.25894068484547683 tTrans:2.071513018193847 tSer: 2.3304537030393235 hop:1 npath:1 cWL:0.0 res:303.030303030303
