id: 0 req:13 src:V6 des:R5 route:R5 p(ratio):1.0 tComp:1.3500000000000003 tTrans:0.0 tSer: 1.3500000000000003 hop:0 npath:0 cWL:0.0 res:303.030303030303
id: 1 req:13 src:V6 des:R2 route:R5 p(ratio):0.0 tComp:0.0 tTrans:0.0 tSer: 0.0 hop:1 npath:1 cWL:0.0 res:303.030303030303
id: 2 req:13 src:V6 des:R4 route:R5 p(ratio):0.0 tComp:0.0 tTrans:0.0 tSer: 0.0 hop:1 npath:1 cWL:0.0 res:303.030303030303
id: 3 req:13 src:V6 des:R8 route:R5 p(ratio):0.0 tComp:0.0 tTrans:0.0 tSer: 0.0 hop:1 npath:1 cWL:0.0 res:303.030303030303
