id: 0 req:9 src:V6 des:R1 route:R1 p(ratio):1.0 tComp:0.19000000000000114 tTrans:0.0 tSer: 0.19000000000000114 hop:0 npath:0 cWL:287.8787878787912 res:3030.30303030303
id: 1 req:9 src:V6 des:R0 route:R1 p(ratio):0.0 tComp:0.0 tTrans:0.0 tSer: 0.0 hop:1 npath:1 cWL:0.0 res:3030.30303030303
id: 2 req:9 src:V6 des:R2 route:R1 p(ratio):0.0 tComp:0.0 tTrans:0.0 tSer: 0.0 hop:1 npath:1 cWL:0.0 res:3030.30303030303
id: 3 req:9 src:V6 des:R4 route:R1 p(ratio):0.0 tComp:0.0 tTrans:0.0 tSer: 0.0 hop:1 npath:1 cWL:0.0 res:3030.30303030303
