id: 0 req:6 src:V0 req Timeinit: 5.0 des:V0 route:V0 p(ratio):0.8787878787878789 tComp:14.500000000000002 tTrans:0.0 tSer: 14.500000000000002 hop:0 npath:0 cWL:0.0 res:30.3030303030303
id: 1 req:6 src:V0 req Timeinit: 5.0 des:V1 route:V0 p(ratio):0.0606060606060606 tComp:1.1212121212121218 tTrans:0.1212121212121212 tSer: 1.2424242424242429 hop:1 npath:1 cWL:3.673094582185513 res:30.3030303030303
id: 2 req:6 src:V0 req Timeinit: 5.0 des:V5 route:V0 p(ratio):0.0606060606060606 tComp:1.1212121212121218 tTrans:0.1212121212121212 tSer: 1.2424242424242429 hop:1 npath:1 cWL:3.673094582185513 res:30.3030303030303
