id: 0 req:6 src:V0 req Timeinit: 5.0 des:R0 route:R0 p(ratio):0.24565625361434731 tComp:1.2073198212608611 tTrans:0.17575757575757578 tSer: 1.383077397018437 hop:0 npath:0 cWL:265.38108356290195 res:303.030303030303
id: 1 req:6 src:V0 req Timeinit: 5.0 des:R1 route:R0 p(ratio):0.3500255642282524 tComp:0.634550716160085 tTrans:0.7485266808583523 tSer: 1.3830773970184373 hop:1 npath:1 cWL:49.12764003673112 res:303.030303030303
id: 2 req:6 src:V0 req Timeinit: 5.0 des:R3 route:R0 p(ratio):0.4043181821574002 tComp:0.545708250457843 tTrans:0.8373691465605942 tSer: 1.3830773970184373 hop:1 npath:1 cWL:0.0 res:303.030303030303
