id: 0 req:3 src:V0 req Timeinit: 2.0 des:R0 route:R0 p(ratio):0.2171412155294493 tComp:1.1688330743576743 tTrans:0.17575757575757578 tSer: 1.34459065011525 hop:0 npath:0 cWL:265.38108356290195 res:303.030303030303
id: 1 req:3 src:V0 req Timeinit: 2.0 des:R1 route:R0 p(ratio):0.39142939223527523 tComp:0.5283122506999509 tTrans:0.8162783994152989 tSer: 1.3445906501152498 hop:1 npath:1 cWL:0.0 res:303.030303030303
id: 2 req:3 src:V0 req Timeinit: 2.0 des:R3 route:R0 p(ratio):0.39142939223527523 tComp:0.528312250699951 tTrans:0.8162783994152989 tSer: 1.3445906501152498 hop:1 npath:1 cWL:0.0 res:303.030303030303
