id: 0 req:7 src:V0 req Timeinit: 6.0 des:R0 route:R0 p(ratio):0.5695240602554655 tComp:0.7686866241268023 tTrans:0.17575757575757578 tSer: 0.9444441998843781 hop:0 npath:0 cWL:0.0 res:303.030303030303
id: 1 req:7 src:V0 req Timeinit: 6.0 des:R1 route:R0 p(ratio):0.4304759397445342 tComp:0.5810133758731975 tTrans:0.8801727498849948 tSer: 1.4611861257581924 hop:1 npath:1 cWL:0.0 res:303.030303030303
id: 2 req:7 src:V0 req Timeinit: 6.0 des:R3 route:R0 p(ratio):8.093500241338446E-17 tComp:1.3500000000000003 tTrans:0.17575757575757592 tSer: 1.5257575757575763 hop:1 npath:1 cWL:409.0909090909091 res:303.030303030303
