id: 0 req:10 src:V0 req Timeinit: 9.0 des:R0 route:R0 p(ratio):0.7900335968989896 tComp:1.0663083457329852 tTrans:0.17575757575757578 tSer: 1.242065921490561 hop:0 npath:0 cWL:0.0 res:303.030303030303
id: 1 req:10 src:V0 req Timeinit: 9.0 des:R1 route:R0 p(ratio):5.85002970078747E-17 tComp:1.3499999999999999 tTrans:0.17575757575757583 tSer: 1.5257575757575756 hop:1 npath:1 cWL:409.090909090909 res:303.030303030303
id: 2 req:10 src:V0 req Timeinit: 9.0 des:R3 route:R0 p(ratio):0.20996640310101106 tComp:0.2833916542670164 tTrans:0.5193389626520564 tSer: 0.8027306169190728 hop:1 npath:1 cWL:1.7053025658242404E-13 res:303.030303030303
