id: 0 req:2 src:V0 req Timeinit: 1.0 des:R0 route:R0 p(ratio):0.3402622210922805 tComp:0.985009495565827 tTrans:0.17575757575757578 tSer: 1.1607670713234026 hop:0 npath:0 cWL:159.32047750229574 res:303.030303030303
id: 1 req:2 src:V0 req Timeinit: 1.0 des:R1 route:R0 p(ratio):0.32986888945385984 tComp:0.44522404009587463 tTrans:0.7155430312275283 tSer: 1.1607670713234028 hop:1 npath:1 cWL:0.0 res:303.030303030303
id: 2 req:2 src:V0 req Timeinit: 1.0 des:R3 route:R0 p(ratio):0.32986888945385984 tComp:0.44522404009587463 tTrans:0.7155430312275283 tSer: 1.1607670713234028 hop:1 npath:1 cWL:0.0 res:303.030303030303
