id: 0 req:5 src:V0 req Timeinit: 4.0 des:R0 route:R0 p(ratio):0.5446644099812231 tComp:1.2608911299092336 tTrans:0.17575757575757578 tSer: 1.4366487056668094 hop:0 npath:0 cWL:159.32047750229594 res:303.030303030303
id: 1 req:5 src:V0 req Timeinit: 4.0 des:R1 route:R0 p(ratio):0.03307696345959343 tComp:1.2067651897026261 tTrans:0.22988351596418324 tSer: 1.4366487056668094 hop:1 npath:1 cWL:352.1579430670341 res:303.030303030303
id: 2 req:5 src:V0 req Timeinit: 4.0 des:R3 route:R0 p(ratio):0.42225862655918456 tComp:0.5699224682669315 tTrans:0.8667262373998779 tSer: 1.4366487056668094 hop:1 npath:1 cWL:0.0 res:303.030303030303
