id: 0 req:4 src:V0 req Timeinit: 3.0 des:R0 route:R0 p(ratio):0.9099189666301184 tComp:1.2281176293750278 tTrans:0.17575757575757578 tSer: 1.4038752051326036 hop:0 npath:0 cWL:0.0 res:303.030303030303
id: 1 req:4 src:V0 req Timeinit: 3.0 des:R1 route:R0 p(ratio):8.314555510411523E-17 tComp:1.3500000000000003 tTrans:0.17575757575757597 tSer: 1.5257575757575763 hop:1 npath:1 cWL:409.0909090909091 res:303.030303030303
id: 2 req:4 src:V0 req Timeinit: 3.0 des:R3 route:R0 p(ratio):0.09008103336988108 tComp:0.12158237062497165 tTrans:0.3231629029514633 tSer: 0.444745273576435 hop:1 npath:1 cWL:0.0 res:303.030303030303
