id: 0 req:1 src:V0 req Timeinit: 0.0 des:R0 route:R0 p(ratio):0.5252102251195634 tComp:0.7088762408438747 tTrans:0.17575757575757578 tSer: 0.8846338166014505 hop:0 npath:0 cWL:0.0 res:303.030303030303
id: 1 req:1 src:V0 req Timeinit: 0.0 des:R1 route:R0 p(ratio):0.2373948874402184 tComp:0.3204118795780628 tTrans:0.5642219370233876 tSer: 0.8846338166014505 hop:1 npath:1 cWL:0.0 res:303.030303030303
id: 2 req:1 src:V0 req Timeinit: 0.0 des:R3 route:R0 p(ratio):0.23739488744021828 tComp:0.32041187957806266 tTrans:0.5642219370233875 tSer: 0.8846338166014502 hop:1 npath:1 cWL:0.0 res:303.030303030303
